{
 "cells": [
  {
   "cell_type": "code",
   "execution_count": 16,
   "outputs": [],
   "source": [
    "import math\n",
    "import pandas as pd\n",
    "import itertools"
   ],
   "metadata": {
    "collapsed": false,
    "pycharm": {
     "name": "#%%\n"
    }
   }
  },
  {
   "cell_type": "code",
   "execution_count": 17,
   "metadata": {
    "collapsed": true
   },
   "outputs": [],
   "source": [
    "def euklides_measure(vec1, vec2):\n",
    "    result = 0\n",
    "    # ewentualnie mozna liczyc odleglosci euklidesowe dla wektorow o roznej odl\n",
    "    if len(vec1) != len(vec2):\n",
    "        return 0\n",
    "    for i in range(len(vec1)):\n",
    "        result = result + (vec1[i]-vec2[i])**2\n",
    "    result = math.sqrt(result)\n",
    "\n",
    "    #korekta, gdy odleglosc to 0, zapisujemy 0 w inny sposób\n",
    "    if result == 0:\n",
    "        result = 1e-21\n",
    "\n",
    "    return result"
   ]
  },
  {
   "cell_type": "code",
   "execution_count": 18,
   "outputs": [],
   "source": [
    "def get_csv(x):\n",
    "\n",
    "    df = pd.read_csv(x)\n",
    "    leng = len(df.columns)\n",
    "    return df, leng"
   ],
   "metadata": {
    "collapsed": false,
    "pycharm": {
     "name": "#%%\n"
    }
   }
  },
  {
   "cell_type": "code",
   "execution_count": 19,
   "outputs": [],
   "source": [
    "def write_to_sim_vec(sim_vec, index, emeasure, vec_of_vecs):\n",
    "    sim_vec[index] = emeasure\n",
    "    vec_of_vecs.append(sim_vec)\n",
    "\n",
    "    return vec_of_vecs\n"
   ],
   "metadata": {
    "collapsed": false,
    "pycharm": {
     "name": "#%%\n"
    }
   }
  },
  {
   "cell_type": "code",
   "execution_count": 20,
   "outputs": [],
   "source": [
    "def compare(test, which_line, agent, a_index, dec_atr):\n",
    "    test = test_file.iloc[which_line]\n",
    "\n",
    "    #zliczac do zmiennej liczbe wartosci atrybutu decyzyjnego -> podawana w zmiennej\n",
    "    vec_of_vecs = []\n",
    "\n",
    "    train_vec = [None] * (a_index - 1)\n",
    "    test_vec = [None] * (a_index - 1)\n",
    "\n",
    "    #tworzenie wektora odległości bezwzględnej\n",
    "    for index, row in agent.iterrows():\n",
    "        sim_vec = [0] * len(dec_atr)\n",
    "\n",
    "        for i in range (len(train_vec)):\n",
    "            train_vec[i] = row[agent.columns[i]]\n",
    "            test_vec[i] = test[agent.columns[i]]\n",
    "\n",
    "        emeasure = euklides_measure(train_vec,test_vec)\n",
    "\n",
    "        #w innej funkcji wybierac wszystkie odpowiadajace dla wybranego k\n",
    "\n",
    "        for atr in dec_atr:\n",
    "\n",
    "            if row[agent.columns[a_index-1]] == atr:\n",
    "                vec_of_vecs = write_to_sim_vec(sim_vec, dec_atr.index(atr), emeasure, vec_of_vecs)\n",
    "\n",
    "\n",
    "    return vec_of_vecs\n"
   ],
   "metadata": {
    "collapsed": false,
    "pycharm": {
     "name": "#%%\n"
    }
   }
  },
  {
   "cell_type": "code",
   "execution_count": 21,
   "outputs": [],
   "source": [
    "def find_dec_atr(files):\n",
    "    dec_atr = []\n",
    "    for file in files:\n",
    "        [agent, a_index] = get_csv(file)\n",
    "        for index, row in agent.iterrows():\n",
    "            dec = row[agent.columns[a_index-1]]\n",
    "            if dec not in dec_atr:\n",
    "                dec_atr.append(dec)\n",
    "\n",
    "    return dec_atr"
   ],
   "metadata": {
    "collapsed": false,
    "pycharm": {
     "name": "#%%\n"
    }
   }
  },
  {
   "cell_type": "code",
   "execution_count": 22,
   "outputs": [],
   "source": [
    "def make_vector(files, test_file, which_line, num_of_dec):\n",
    "    all_vecs = []\n",
    "    for file in files:\n",
    "        [agent, a_index] = get_csv(file)\n",
    "        all_vecs.append(compare(test_file, which_line, agent, a_index, num_of_dec))\n",
    "    return all_vecs\n",
    "\n"
   ],
   "metadata": {
    "collapsed": false,
    "pycharm": {
     "name": "#%%\n"
    }
   }
  },
  {
   "cell_type": "code",
   "execution_count": 23,
   "outputs": [],
   "source": [
    "def find_the_closest(k, list, dec_atr, agent_num):\n",
    "\n",
    "    final_vec = [[[0 for x in range(len(dec_atr))] for x in range(k)] for x in range(agent_num)]\n",
    "    ixs_to_delete = [[0 for x in range(len(dec_atr))] for x in range(agent_num)]\n",
    "\n",
    "    save = False\n",
    "\n",
    "    #[[[0,0,0..],[..],[..],..]],[[0,0,0..],[..],[..],..]],[[0,0,0..],[..],[..],..]],..]\n",
    "    for i in range(k):\n",
    "        for j in range(len(list)):\n",
    "            for l in range(len(list[j])):\n",
    "                for m in range(len(list[j][l])):\n",
    "                    if list[j][l][m] != 0:\n",
    "                        final_vec, save = try_val(final_vec, j, i, list[j][l], m)\n",
    "                        if save:\n",
    "                            ixs_to_delete[j][m] = l\n",
    "    # deletion:\n",
    "    # sorting the inner list to avoid moving important index down\n",
    "\n",
    "        for i in range(len(ixs_to_delete)):\n",
    "            for j in sorted(ixs_to_delete[i], reverse= True):\n",
    "                del list[i][j]\n",
    "\n",
    "    # jesli k-ty obiekt ma taka sama odl jak inne obiekty, to wszystkie obiekty sa brane pod uwage\n",
    "    # 0.1, 0.2, 0.2, 0.3 -> dla k = 2 bierzemy 3 pierwsze obiekty, bo mają tą samą wartość\n",
    "\n",
    "    return final_vec"
   ],
   "metadata": {
    "collapsed": false,
    "pycharm": {
     "name": "#%%\n"
    }
   }
  },
  {
   "cell_type": "code",
   "execution_count": 24,
   "outputs": [],
   "source": [
    "def try_val(final_vec, agent_in_final, k_in_final, vec, m):\n",
    "\n",
    "    fin = final_vec[agent_in_final][k_in_final]\n",
    "    save = False\n",
    "\n",
    "    for i in range(len(fin)):\n",
    "\n",
    "        if i == m:\n",
    "            if fin[m] == 0:\n",
    "                fin[m] = vec[m]\n",
    "                save = True\n",
    "\n",
    "            elif fin[m] > vec[m]:\n",
    "                fin[m] = vec[m]\n",
    "                save = True\n",
    "\n",
    "    return final_vec, save\n"
   ],
   "metadata": {
    "collapsed": false,
    "pycharm": {
     "name": "#%%\n"
    }
   }
  },
  {
   "cell_type": "code",
   "execution_count": 25,
   "outputs": [],
   "source": [
    "def change_to_relative(k_closest):\n",
    "    for k in k_closest:\n",
    "        for l in k:\n",
    "            sum = 0\n",
    "            #zliczamy sume\n",
    "            for m in l:\n",
    "                sum += m\n",
    "            #obliczamy wartosci wzgledem sumy i odejmujemy\n",
    "            # od 1 aby nie byly najmniejsze, tylko najwieksze, aby utworzyc podobienstwo\n",
    "            for i in range(len(l)):\n",
    "                l[i] = 1 - l[i]/sum\n",
    "            #podobniestwo wzgledne (udzial procentowy)\n",
    "            sum = 0\n",
    "            for m in l:\n",
    "                sum += m\n",
    "            for i in range(len(l)):\n",
    "                l[i] = l[i]/sum\n",
    "\n",
    "    # to na koncu (normalizacja)\n",
    "\n",
    "    return k_closest"
   ],
   "metadata": {
    "collapsed": false,
    "pycharm": {
     "name": "#%%\n"
    }
   }
  },
  {
   "cell_type": "code",
   "execution_count": 26,
   "outputs": [],
   "source": [
    "def unify_k_vecs(relative_vecs, agent_num):\n",
    "    unified_vec = [[0 for x in range(len(relative_vecs[0][0]))]for x in range(agent_num)]\n",
    "    for i in range(len(relative_vecs)):\n",
    "        for j in range(len(relative_vecs[i])):\n",
    "\n",
    "            for k in range(len(relative_vecs[i][j])):\n",
    "                unified_vec[i][k] += relative_vecs[i][j][k]\n",
    "\n",
    "        for k in range(len(relative_vecs[i][j])):\n",
    "            unified_vec[i][k] /= len(relative_vecs[i])\n",
    "\n",
    "    # tu nie normalizować, tylko raz na końcu\n",
    "\n",
    "    return unified_vec\n"
   ],
   "metadata": {
    "collapsed": false,
    "pycharm": {
     "name": "#%%\n"
    }
   }
  },
  {
   "cell_type": "code",
   "execution_count": 27,
   "outputs": [],
   "source": [
    "def sub_lists (l):\n",
    "    lists = [[]]\n",
    "    for i in range(len(l) + 1):\n",
    "        for j in range(i):\n",
    "            lists.append(l[j: i])\n",
    "    return lists"
   ],
   "metadata": {
    "collapsed": false,
    "pycharm": {
     "name": "#%%\n"
    }
   }
  },
  {
   "cell_type": "code",
   "execution_count": 28,
   "outputs": [],
   "source": [
    "#q od 0 do 1 - wartosc procentowa, po osiagnieciu ktorej decyzja jest przelosowana\n",
    "def Shapley_Shubik(unified_vec, q, dec_atr):\n",
    "\n",
    "    force_list = [[0 for x in range(len(unified_vec[0]))]for x in range(len(unified_vec))]\n",
    "\n",
    "    for l in unified_vec:\n",
    "        #generowanie podzbiorow zbioru l\n",
    "        for i in range(len(l)):\n",
    "\n",
    "            #sprawdzamy siłę 1 elementu\n",
    "            x = l.pop(0)\n",
    "            subsets = sub_lists(l)\n",
    "            sum_to_Shapley = 0\n",
    "            #sprawdzamy gdzie x ma decydujace znaczenie\n",
    "            for subs in subsets:\n",
    "                sum = 0\n",
    "                point = False\n",
    "                #sprawdzamy, czy x jest samo większe lub równe wymaganej liczbie\n",
    "                if len(subs) == 0:\n",
    "                    if x >= q:\n",
    "                        point = True\n",
    "                #sprawdzamy czy x w połączeniu z innymi wartościami jest decydujące\n",
    "                else:\n",
    "                    for j in range(len(subs)):\n",
    "                        sum += subs[j]\n",
    "                        if j == len(subs) - 1:\n",
    "                            if sum >= q:\n",
    "                                pass\n",
    "                            elif sum + x >= q:\n",
    "                                point = True\n",
    "                #jeżeli x jest decydujące, dodajemy do sum_to_Shapley\n",
    "                if point:\n",
    "                    sum_to_Shapley += (math.factorial(len(subs)) * math.factorial((len(l)+1) - len(subs) - 1))\n",
    "\n",
    "\n",
    "            #po sprawdzeniu, dodajemy ten element na koniec, teraz 1 jest 2 itd\n",
    "            #aby potem sprawdzić następny numer a nie znow ten sam\n",
    "\n",
    "            l.append(x)\n",
    "\n",
    "            Shapley_Ix = sum_to_Shapley/math.factorial(len(l))\n",
    "            force_list[unified_vec.index(l)][i] = Shapley_Ix\n",
    "\n",
    "    return force_list\n",
    "\n",
    "    # algorytm poprawić bo musi być po agentach a nie po decyzjach!!!\n"
   ],
   "metadata": {
    "collapsed": false,
    "pycharm": {
     "name": "#%%\n"
    }
   }
  },
  {
   "cell_type": "code",
   "execution_count": 29,
   "outputs": [],
   "source": [
    "def count_final_vec(unified_vec, f_list):\n",
    "\n",
    "    help_vec = [[0 for x in range(len(unified_vec[0]))]for x in range(len(unified_vec))]\n",
    "    final_vec = [0 for x in range(len(unified_vec[0]))]\n",
    "\n",
    "    for i in range(len(unified_vec)):\n",
    "        for j in range(len(unified_vec[i])):\n",
    "            help_vec[i][j] = unified_vec[i][j] * f_list[i][j]\n",
    "\n",
    "    for i in range(len(help_vec)):\n",
    "        for j in range(len(help_vec[i])):\n",
    "            final_vec[j] += help_vec[i][j]\n",
    "\n",
    "    return final_vec"
   ],
   "metadata": {
    "collapsed": false,
    "pycharm": {
     "name": "#%%\n"
    }
   }
  },
  {
   "cell_type": "code",
   "execution_count": 30,
   "outputs": [
    {
     "name": "stdout",
     "output_type": "stream",
     "text": [
      "wektor finalny:  [[[12.165525060596439, 3.1622776601683795, 36.796738985948195, 1.4142135623730951], [12.206555615733702, 3.605551275463989, 38.535697735995385, 3.0], [13.45362404707371, 4.47213595499958, 39.68626966596886, 4.0]], [[13.0, 2.449489742783178, 37.603191353926334, 1e-21], [13.038404810405298, 3.0, 39.06404996924922, 2.449489742783178], [14.66287829861518, 3.7416573867739413, 39.408120990476064, 3.0]], [[5.196152422706632, 2.23606797749979, 45.16635916254486, 1.7320508075688772], [7.280109889280518, 2.449489742783178, 45.17742799230607, 1.7320508075688772], [10.099504938362077, 2.8284271247461903, 46.10856753359401, 2.23606797749979]], [[13.638181696985855, 9.38083151964686, 250.28983199482954, 3.0], [16.0312195418814, 10.677078252031311, 252.48168250389966, 4.242640687119285], [31.416556144810016, 11.045361017187261, 258.53046242174247, 5.0]], [[20.273134932713294, 12.96148139681572, 252.69942619642015, 6.082762530298219], [31.464265445104548, 16.792855623746664, 257.3266406729004, 6.48074069840786], [36.72873534441391, 18.466185312619388, 262.77366686941826, 6.855654600401044]], [[4.242640687119285, 2.0, 2.0, 3.0], [5.916079783099616, 2.449489742783178, 3.7416573867739413, 3.1622776601683795], [6.0, 3.3166247903554, 4.47213595499958, 3.4641016151377544]], [[3.0, 2.0, 1e-21, 1.0], [3.1622776601683795, 2.23606797749979, 1.4142135623730951, 1.4142135623730951], [3.1622776601683795, 2.23606797749979, 2.0, 2.23606797749979]]]\n",
      "k najbliższych:  [[[0.25759053730048803, 0.3136449310144601, 0.10423611954239154, 0.3245284121426603], [0.262382895067003, 0.3123761156513722, 0.10934511508906948, 0.3158958741925553], [0.26054655170664914, 0.3091381884398502, 0.11862272200308131, 0.3116925378504192]], [[0.251653515390973, 0.3179430351608557, 0.09707011611483791, 0.3333333333333333], [0.2578165984451256, 0.3159577258139361, 0.10707946653873486, 0.31914620920220343], [0.2529614770996925, 0.312824130198657, 0.11732500466954039, 0.31688938803211003]], [[0.3014535116606758, 0.3196144423979706, 0.056225319832239475, 0.32270672610911416], [0.29048829835729767, 0.318917551799937, 0.06745431338780032, 0.32313983645496497], [0.2783902849284529, 0.3179462020459051, 0.08249477507338669, 0.3211687379522553]], [[0.3168805101811002, 0.32201649026416124, 0.03138880479525252, 0.32971419475948605], [0.3144796818773921, 0.32077646506727847, 0.036400113218533946, 0.3283437398367955], [0.2991096530055772, 0.32130105001066483, 0.051702722386488466, 0.3278865745972696]], [[0.3101918170670482, 0.31853797318922666, 0.04488026965006808, 0.32638994009365707], [0.2997246133421428, 0.3153959566132039, 0.05846853384395586, 0.32641089620069746], [0.29564245256252525, 0.3143834080940631, 0.0636760512404551, 0.3262980881029566]], [[0.20754317408779574, 0.2740352835939631, 0.2740352835939631, 0.244386258724278], [0.20418529287391188, 0.27986096446677355, 0.2516529406934633, 0.2643008019658513], [0.21741053987386702, 0.2692545982408475, 0.24692958456098843, 0.2664052773242971]], [[0.16666666666666663, 0.2222222222222222, 0.33333333333333326, 0.27777777777777773], [0.20520380018209686, 0.2427320715718275, 0.2760320641230378, 0.2760320641230378], [0.2239242301441214, 0.25596941454470284, 0.2641369407664729, 0.25596941454470284]]]\n",
      "zjednoczony:  [[0.2601733280247134, 0.3117197450352275, 0.11073465221151411, 0.31737227472854496], [0.2541438636452637, 0.3155749637244829, 0.10715819577437107, 0.32312297685588226], [0.2901106983154755, 0.31882606541460423, 0.0687248027644755, 0.32233843350544483], [0.31015661502135655, 0.32136466844736816, 0.03983054680009165, 0.32864816973118377], [0.3018529609905721, 0.31610577929883127, 0.05567495157815968, 0.326366308132437], [0.20971300227852488, 0.2743836154338614, 0.25753926961613827, 0.25836411267147547], [0.19859823233096163, 0.24030790277958416, 0.2911674460742813, 0.2699264188151728]]\n",
      "lista sił:  [[0.3333333333333333, 0.25, 0.0, 0.25], [0.3333333333333333, 0.25, 0.0, 0.25], [0.3333333333333333, 0.25, 0.0, 0.25], [0.3333333333333333, 0.25, 0.0, 0.25], [0.3333333333333333, 0.25, 0.0, 0.25], [0.0, 0.25, 0.3333333333333333, 0.25], [0.0, 0.25, 0.3333333333333333, 0.25]]\n",
      "ostateczny wektor:  [0.472145821999127, 0.5245706850334899, 0.18290223856347318, 0.5365346736100353]\n",
      "decyzja agentow:  saab\n",
      "decyzja poprawna:  saab\n",
      "Czy dobra decyzja?:  True\n",
      "\n",
      "wektor finalny:  [[[8.54400374531753, 7.810249675906654, 3.0, 5.830951894845301], [10.862780491200215, 7.874007874011811, 4.242640687119285, 7.211102550927978], [11.269427669584644, 8.18535277187245, 5.477225575051661, 7.3484692283495345]], [[7.0710678118654755, 4.69041575982343, 2.6457513110645907, 5.0990195135927845], [7.483314773547883, 5.196152422706632, 3.1622776601683795, 5.830951894845301], [9.327379053088816, 5.916079783099616, 3.4641016151377544, 7.745966692414834]], [[2.449489742783178, 4.47213595499958, 1.0, 3.1622776601683795], [2.8284271247461903, 5.385164807134504, 1.4142135623730951, 5.385164807134504], [3.0, 5.477225575051661, 1.7320508075688772, 5.5677643628300215]], [[3.7416573867739413, 11.180339887498949, 6.164414002968976, 4.358898943540674], [7.874007874011811, 14.142135623730951, 6.557438524302, 7.280109889280518], [8.246211251235321, 14.352700094407323, 6.928203230275509, 12.083045973594572]], [[21.047565179849187, 8.888194417315589, 9.486832980505138, 15.811388300841896], [22.978250586152114, 16.06237840420901, 14.2828568570857, 18.708286933869708], [27.820855486487112, 16.34013463836819, 17.26267650163207, 23.68543856465402]], [[2.23606797749979, 3.7416573867739413, 1.4142135623730951, 3.605551275463989], [3.3166247903554, 4.123105625617661, 2.0, 4.123105625617661], [3.7416573867739413, 4.69041575982343, 2.8284271247461903, 4.242640687119285]], [[3.0, 3.7416573867739413, 1.0, 1.0], [3.7416573867739413, 4.123105625617661, 2.0, 2.23606797749979], [4.123105625617661, 5.0990195135927845, 3.1622776601683795, 2.449489742783178]]]\n",
      "k najbliższych:  [[[0.22025102121011222, 0.229962464366288, 0.2936274827178552, 0.2561590317057445], [0.2133974912625973, 0.2463964974462197, 0.2864903833330617, 0.2537156279581213], [0.21696342671431948, 0.24881007575235714, 0.2767746288997187, 0.2574518686336047]], [[0.21249913543644483, 0.2531809940798272, 0.28812131641975364, 0.24619855406397442], [0.21823744626042765, 0.25341476909339744, 0.2846964440026238, 0.24365134064355112], [0.2158016962803427, 0.258786503201718, 0.28968317915521813, 0.2357286213627212]], [[0.25966825754196016, 0.1988399209624573, 0.30325969207461434, 0.23823212942096816], [0.2705336992399468, 0.21376639223670657, 0.30193351628664006, 0.21376639223670657], [0.26995009080172244, 0.2176118943253862, 0.29673900119559643, 0.21569901367729494]], [[0.2843176554695997, 0.18687098211170075, 0.2525795657499436, 0.276231796668756], [0.2601283396097106, 0.2018532832573391, 0.2723685421246613, 0.26564983500828904], [0.26727405724680314, 0.2183558061711973, 0.2778324401317678, 0.2365376964502318]], [[0.20631270312778585, 0.27969368206584433, 0.276080938885722, 0.2379126759206478], [0.2269994675085373, 0.2590032713620545, 0.26723816307910186, 0.24675909805030635], [0.2243718012543784, 0.2693365196682115, 0.26572334627471067, 0.24056833280269943]], [[0.26555823385137434, 0.21992390027148248, 0.2904685967318356, 0.22404926914530754], [0.25182076521004654, 0.23199991474314885, 0.2841794053036558, 0.23199991474314885], [0.2528838855558611, 0.23248461344295035, 0.2725192670671421, 0.24211223393404646]], [[0.21893855031278253, 0.19065797170091794, 0.2952017389931498, 0.2952017389931498], [0.23026445071142662, 0.2197569563869358, 0.27824069818922, 0.2717378947124176], [0.24068276720807522, 0.21875294478281257, 0.2622735929183722, 0.27829069509074]]]\n",
      "zjednoczony:  [[0.21687064639567633, 0.24172301252162162, 0.2856308316502119, 0.25577550943249017], [0.2155127593257384, 0.25512742212498085, 0.28750031319253183, 0.24185950535674894], [0.26671734919454315, 0.21007273584151667, 0.3006440698522836, 0.22256584511165656], [0.27057335077537115, 0.2023600238467457, 0.2675935160021242, 0.25947310937575896], [0.21922799063023382, 0.2693444910320368, 0.2696808160798448, 0.24174670225788453], [0.2567542948724273, 0.2281361428191939, 0.28238908970087784, 0.23272047260750095], [0.2299619227440948, 0.20972262429022212, 0.2785720100335807, 0.28174344293210246]]\n",
      "lista sił:  [[0.08333333333333333, 0.16666666666666666, 0.4166666666666667, 0.16666666666666666], [0.08333333333333333, 0.16666666666666666, 0.4166666666666667, 0.16666666666666666], [0.08333333333333333, 0.16666666666666666, 0.4166666666666667, 0.16666666666666666], [0.25, 0.0, 0.25, 0.3333333333333333], [0.0, 0.25, 0.3333333333333333, 0.25], [0.08333333333333333, 0.16666666666666666, 0.4166666666666667, 0.16666666666666666], [0.25, 0.0, 0.25, 0.3333333333333333]]\n",
      "ostateczny wektor:  [0.20478840586223193, 0.22317934164256134, 0.7081701137005016, 0.3996624150851577]\n",
      "decyzja agentow:  van\n",
      "decyzja poprawna:  van\n",
      "Czy dobra decyzja?:  True\n",
      "\n",
      "wektor finalny:  [[[7.280109889280518, 3.3166247903554, 5.916079783099616, 6.082762530298219], [7.416198487095663, 5.477225575051661, 6.324555320336759, 7.14142842854285], [8.366600265340756, 6.48074069840786, 6.928203230275509, 7.615773105863909]], [[3.1622776601683795, 4.242640687119285, 5.744562646538029, 5.830951894845301], [4.898979485566356, 4.69041575982343, 6.164414002968976, 6.244997998398398], [4.898979485566356, 5.477225575051661, 6.324555320336759, 6.324555320336759]], [[9.539392014169456, 2.6457513110645907, 1.0, 3.605551275463989], [10.816653826391969, 4.242640687119285, 1.4142135623730951, 3.7416573867739413], [12.529964086141668, 4.358898943540674, 2.23606797749979, 4.123105625617661]], [[37.134889255254286, 4.123105625617661, 4.123105625617661, 3.4641016151377544], [46.861498055439924, 6.082762530298219, 5.196152422706632, 3.605551275463989], [47.89572005931219, 7.0710678118654755, 9.848857801796104, 5.477225575051661]], [[49.98999899979995, 1.4142135623730951, 9.0, 6.855654600401044], [57.1314274283428, 10.295630140987, 9.055385138137417, 21.470910553583888], [57.67148342118486, 14.628738838327793, 9.899494936611665, 22.80350850198276]], [[2.449489742783178, 2.449489742783178, 2.449489742783178, 2.8284271247461903], [2.8284271247461903, 3.0, 3.7416573867739413, 3.3166247903554], [3.0, 3.1622776601683795, 3.7416573867739413, 3.3166247903554]], [[3.0, 1.4142135623730951, 1.0, 2.23606797749979], [3.0, 2.449489742783178, 1.7320508075688772, 3.3166247903554], [3.0, 3.0, 3.0, 4.242640687119285]]]\n",
      "k najbliższych:  [[[0.22593606274471348, 0.2844059880778449, 0.24605843900447785, 0.24359951017296375], [0.2395502643020526, 0.26406994655926513, 0.25335486333534646, 0.24302492580333598], [0.23844589679355602, 0.25983384103675916, 0.254759070968873, 0.24696119120081175]], [[0.27779758451389386, 0.25882430760836117, 0.23244763558638623, 0.23093047229135874], [0.2591023469194598, 0.2622625747051984, 0.23992805710140383, 0.23870702127393786], [0.2624116928641929, 0.2540405287509343, 0.24177388919243636, 0.24177388919243636]], [[0.14395478684221363, 0.28080917488359697, 0.31348106746462556, 0.26175497080956384], [0.15497460151270048, 0.2633752830277126, 0.31001398323145973, 0.27163613222812716], [0.1536770999339129, 0.2708348807774034, 0.3012723036527308, 0.2742157156359529]], [[0.07991445326410107, 0.3051961062941188, 0.3051961062941188, 0.3096933341476614], [0.08035324738002238, 0.3004957619452418, 0.30528209423364283, 0.3138688964410931], [0.10620873682285574, 0.2998018732847247, 0.2866294138275425, 0.3073599760648772]], [[0.08558778010979945, 0.32632462902454257, 0.28873021223663703, 0.29935737862902106], [0.13891621019485204, 0.29829750659122894, 0.30251803592673915, 0.26026824728717995], [0.15025488332140982, 0.286894319226641, 0.3019073307167613, 0.26094346673518803]], [[0.2531029219585182, 0.2531029219585182, 0.2531029219585182, 0.24069123412444546], [0.2601719839541829, 0.25573400393320006, 0.2365499653137624, 0.24754404679885447], [0.2576935713030743, 0.25360202343708643, 0.23899397522188603, 0.24971043003795323]], [[0.20261918970501716, 0.2717140950956169, 0.2897619521238946, 0.23590476307547137], [0.23807859428646175, 0.25555816458439995, 0.2783379841030345, 0.2280252570261038], [0.25781969344633787, 0.25781969344633787, 0.25781969344633787, 0.22654091966098644]]]\n",
      "zjednoczony:  [[0.2346440746134407, 0.2694365918912897, 0.25139079110289914, 0.2445285423923705], [0.2664372080991822, 0.25837580368816465, 0.23804986062674213, 0.237137127585911], [0.150868829429609, 0.2716731128962377, 0.30825578478293864, 0.2692022728912146], [0.08882547915565973, 0.3018312471746951, 0.299035871451768, 0.3103074022178772], [0.12491962454202044, 0.30383881828080417, 0.2977185262933792, 0.27352303088379637], [0.2569894924052585, 0.2541463164429349, 0.24288228749805554, 0.24598190365375106], [0.23283915914593892, 0.2616973177087849, 0.27530654322442233, 0.23015697992085385]]\n",
      "lista sił:  [[0.16666666666666666, 0.4166666666666667, 0.16666666666666666, 0.08333333333333333], [0.4166666666666667, 0.16666666666666666, 0.08333333333333333, 0.16666666666666666], [0.0, 0.25, 0.3333333333333333, 0.25], [0.0, 0.25, 0.3333333333333333, 0.25], [0.0, 0.25, 0.3333333333333333, 0.25], [0.3333333333333333, 0.25, 0.0, 0.25], [0.08333333333333333, 0.16666666666666666, 0.4166666666666667, 0.16666666666666666]]\n",
      "ostateczny wektor:  [0.25518927654081375, 0.481816473886197, 0.4781170740889163, 0.3730133821954848]\n",
      "decyzja agentow:  opel\n",
      "decyzja poprawna:  van\n",
      "Czy dobra decyzja?:  False\n",
      "\n",
      "wektor finalny:  [[[3.872983346207417, 5.385164807134504, 5.196152422706632, 7.745966692414834], [5.477225575051661, 5.830951894845301, 10.535653752852738, 9.327379053088816], [6.4031242374328485, 8.12403840463596, 11.269427669584644, 10.099504938362077]], [[2.449489742783178, 7.0710678118654755, 4.69041575982343, 8.18535277187245], [3.3166247903554, 7.615773105863909, 9.1104335791443, 9.643650760992955], [3.7416573867739413, 8.366600265340756, 9.16515138991168, 10.488088481701515]], [[1.4142135623730951, 8.12403840463596, 3.872983346207417, 3.0], [2.0, 8.12403840463596, 3.872983346207417, 6.708203932499369], [2.449489742783178, 8.717797887081348, 4.58257569495584, 7.0710678118654755]], [[2.8284271247461903, 8.366600265340756, 8.602325267042627, 7.0710678118654755], [4.242640687119285, 10.04987562112089, 9.0, 8.660254037844387], [5.0990195135927845, 10.099504938362077, 9.273618495495704, 16.881943016134134]], [[8.831760866327848, 18.303005217723125, 9.433981132056603, 8.12403840463596], [10.488088481701515, 19.6468827043885, 10.344080432788601, 17.635192088548397], [11.40175425099138, 21.563858652847824, 12.083045973594572, 22.80350850198276]], [[1.4142135623730951, 1.0, 1.0, 2.23606797749979], [1.7320508075688772, 2.23606797749979, 3.0, 2.449489742783178], [2.449489742783178, 3.605551275463989, 3.3166247903554, 2.449489742783178]], [[1.4142135623730951, 1.0, 1.4142135623730951, 1.4142135623730951], [2.23606797749979, 1.4142135623730951, 2.0, 2.23606797749979], [3.3166247903554, 1.7320508075688772, 2.449489742783178, 2.23606797749979]]]\n",
      "k najbliższych:  [[[0.2751811303384744, 0.25247597634729974, 0.25531396597061046, 0.21702892734361545], [0.2747619194487167, 0.2709793016991601, 0.22066896922276222, 0.23358980962936102], [0.2738735305067285, 0.2578930164218679, 0.2286847395601729, 0.23954871351123064]], [[0.29687661370084145, 0.22809184886538392, 0.26352403006129255, 0.211507507372482], [0.29609276073927926, 0.24781996684294474, 0.23103723880553625, 0.22505003361223974], [0.29406506117479, 0.24552680742786803, 0.23714610346416318, 0.2232620279331788]], [[0.30460883381857745, 0.1683236463803668, 0.2546680516469433, 0.27239946815411253], [0.3011353425042357, 0.2025444763094805, 0.27098219220211617, 0.22533798898416765], [0.2975549255182743, 0.20599704667517513, 0.2663980613892201, 0.23004996641733044]], [[0.2982434759794177, 0.2295361354916585, 0.22661169858037958, 0.24560868994854423], [0.28907383573561124, 0.22849239140279654, 0.23944476068355636, 0.2429890121780359], [0.29223284394773114, 0.2519265855434017, 0.25858361772150074, 0.19725695278736644]], [[0.26746318789738693, 0.19682356661140077, 0.2629716332585756, 0.27274161223263665], [0.27317545686674666, 0.2206421842506193, 0.2740014623330251, 0.2321808965496089], [0.277320608948594, 0.22739783912739395, 0.2739736673601574, 0.22130788456385464]], [[0.24990306221065986, 0.2743392228662587, 0.2743392228662587, 0.20141849205682263], [0.27202793212854154, 0.25418840070042575, 0.22714926366823973, 0.2466344035027929], [0.2642625409409592, 0.23166387979046246, 0.23981103832761919, 0.2642625409409592]], [[0.243415952203394, 0.26975214338981796, 0.243415952203394, 0.243415952203394], [0.23882116507880688, 0.2735585896762605, 0.2487990801661258, 0.23882116507880688], [0.2197607939616614, 0.27402200902906276, 0.24945445409992495, 0.25676274290935097]]]\n",
      "zjednoczony:  [[0.2746055267646399, 0.2604494314894426, 0.2348892249178485, 0.23005581682806905], [0.2956781452049702, 0.2404795410453989, 0.243902457443664, 0.21993985630596688], [0.3010997006136958, 0.1922883897883408, 0.2640161017460932, 0.2425958078518702], [0.29318338522092, 0.23665170414595224, 0.2415466923284789, 0.22861821830464887], [0.2726530845709092, 0.21495452999647136, 0.270315587650586, 0.2420767977820334], [0.2620645117600535, 0.25339716778571564, 0.24709984162070586, 0.2374384788335249], [0.23399930374795408, 0.2724442473650471, 0.24722316215648157, 0.24633328673051727]]\n",
      "lista sił:  [[0.4166666666666667, 0.16666666666666666, 0.08333333333333333, 0.16666666666666666], [0.4166666666666667, 0.16666666666666666, 0.08333333333333333, 0.16666666666666666], [0.25, 0.0, 0.25, 0.3333333333333333], [0.4166666666666667, 0.16666666666666666, 0.08333333333333333, 0.16666666666666666], [0.25, 0.0, 0.25, 0.3333333333333333], [0.25, 0.3333333333333333, 0.25, 0.0], [0.16666666666666666, 0.4166666666666667, 0.16666666666666666, 0.08333333333333333]]\n",
      "ostateczny wektor:  [0.6077321486902112, 0.3209142717774738, 0.29658994100459246, 0.2951876243452918]\n",
      "decyzja agentow:  bus\n",
      "decyzja poprawna:  bus\n",
      "Czy dobra decyzja?:  True\n",
      "\n",
      "wektor finalny:  [[[3.605551275463989, 10.295630140987, 25.357444666211933, 15.165750888103101], [4.242640687119285, 10.392304845413264, 28.982753492378876, 16.06237840420901], [5.830951894845301, 15.556349186104045, 29.171904291629644, 16.09347693943108]], [[2.6457513110645907, 10.816653826391969, 25.826343140289914, 13.784048752090222], [3.4641016151377544, 12.489995996796797, 29.171904291629644, 14.594519519326424], [4.123105625617661, 13.30413469565007, 30.298514815086232, 17.029386365926403]], [[2.23606797749979, 7.280109889280518, 13.96424004376894, 8.48528137423857], [3.0, 8.246211251235321, 14.832396974191326, 8.602325267042627], [3.872983346207417, 9.055385138137417, 15.165750888103101, 9.055385138137417]], [[8.306623862918075, 13.601470508735444, 78.57480512225277, 7.14142842854285], [12.68857754044952, 15.905973720586866, 81.03085831953157, 8.12403840463596], [22.293496809607955, 16.09347693943108, 86.59676668328905, 9.219544457292887]], [[13.527749258468683, 19.82422760159901, 81.12952606788727, 12.922847983320086], [14.071247279470288, 29.086079144497972, 88.20430828479978, 18.49324200890693], [29.816103031751148, 34.56877203488721, 91.0, 22.516660498395403]], [[1.0, 2.23606797749979, 2.0, 5.744562646538029], [2.23606797749979, 3.3166247903554, 3.0, 5.916079783099616], [2.23606797749979, 4.123105625617661, 4.242640687119285, 6.0]], [[1.4142135623730951, 3.3166247903554, 2.23606797749979, 4.123105625617661], [2.449489742783178, 3.4641016151377544, 3.605551275463989, 4.58257569495584], [3.0, 4.123105625617661, 4.58257569495584, 4.69041575982343]]]\n",
      "k najbliższych:  [[[0.3112503901367537, 0.2702756208765465, 0.17802642812164451, 0.24044756086505523], [0.3096367561287763, 0.2752888105317011, 0.17145489337542888, 0.2436195399640936], [0.3041724569185386, 0.25553526806676885, 0.18744320918663068, 0.2528490658280619]], [[0.3167162120764228, 0.2653973759833372, 0.1711262983070169, 0.24676011363322314], [0.31399826205686826, 0.26361974243128744, 0.1705087654037786, 0.2518732301080657], [0.31210924965460096, 0.26484901745765077, 0.17736880752025297, 0.2456729253674953]], [[0.31001596474209975, 0.257417481319369, 0.18771641315316182, 0.2448501407853695], [0.3044990460377753, 0.25407545856067254, 0.19077280145480055, 0.25065269394675166], [0.29858200984346145, 0.25208159788010825, 0.19725479439632201, 0.25208159788010825]], [[0.3076061146419622, 0.2912069517760078, 0.0899719835993729, 0.31121494998265714], [0.29741362484053446, 0.2883055957862167, 0.10394553943127982, 0.310335239941969], [0.2779608764719785, 0.2933604495283217, 0.11824479121477831, 0.3104338827849215]], [[0.2979401170061833, 0.2814663772997708, 0.12107076017525172, 0.29952274551879415], [0.3020336128133257, 0.26863500701127035, 0.1371339386995153, 0.2921974414758887], [0.2774670307799722, 0.26856197554245725, 0.16282702917473504, 0.29114396450283553]], [[0.3029768497445284, 0.26545417247090863, 0.2726203661557234, 0.15894861162883964], [0.281818528613375, 0.25692452996789666, 0.26421897021246105, 0.19703797120626726], [0.28843727682592724, 0.25054909554790056, 0.2481490554195169, 0.21286457220665522]], [[0.2908262086640459, 0.23364528960653083, 0.2661236679634934, 0.20940483376592986], [0.2754328305778087, 0.2514496570682497, 0.24810610093717503, 0.2250114114167666], [0.27234320897040837, 0.24951042504403442, 0.2401693794873753, 0.2379769864981819]]]\n",
      "zjednoczony:  [[0.30835320106135616, 0.2670332331583388, 0.1789748435612347, 0.24563872221907024], [0.31427457459596403, 0.26462204529075845, 0.1730012904103495, 0.24810208970292805], [0.30436567354111216, 0.2545248459200499, 0.19191466966809478, 0.24919481087074313], [0.29432687198482504, 0.2909576656968487, 0.10405410474847702, 0.3106613575698492], [0.2924802535331604, 0.2728877866178328, 0.140343909349834, 0.2942880504991728], [0.29107755172794353, 0.257642599328902, 0.26166279726256714, 0.18961705168058737], [0.27953408273742103, 0.24486845723960496, 0.2514663827960146, 0.22413107722695946]]\n",
      "lista sił:  [[0.3333333333333333, 0.25, 0.0, 0.25], [0.3333333333333333, 0.25, 0.0, 0.25], [0.3333333333333333, 0.25, 0.0, 0.25], [0.3333333333333333, 0.25, 0.0, 0.25], [0.3333333333333333, 0.25, 0.0, 0.25], [0.25, 0.3333333333333333, 0.25, 0.0], [0.4166666666666667, 0.16666666666666666, 0.08333333333333333, 0.16666666666666666]]\n",
      "ostateczny wektor:  [0.6938421139780505, 0.4641986701538587, 0.08637123121530967, 0.3743264372532674]\n",
      "decyzja agentow:  bus\n",
      "decyzja poprawna:  bus\n",
      "Czy dobra decyzja?:  True\n",
      "\n",
      "wektor finalny:  [[[7.874007874011811, 4.795831523312719, 31.22498999199199, 6.557438524302], [12.24744871391589, 5.744562646538029, 31.28897569432403, 8.366600265340756], [14.247806848775006, 6.164414002968976, 32.17141588429082, 8.54400374531753]], [[7.0710678118654755, 2.8284271247461903, 29.24038303442689, 1.7320508075688772], [8.306623862918075, 2.8284271247461903, 31.04834939252005, 2.23606797749979], [10.954451150103322, 4.69041575982343, 31.28897569432403, 2.449489742783178]], [[4.242640687119285, 2.0, 42.22558466143482, 2.0], [5.830951894845301, 2.23606797749979, 42.261093218230876, 2.23606797749979], [8.888194417315589, 3.1622776601683795, 43.23193264243457, 2.23606797749979]], [[10.816653826391969, 6.782329983125268, 240.35390573069537, 6.164414002968976], [19.949937343260004, 9.433981132056603, 242.462368214121, 6.48074069840786], [35.73513677041127, 12.36931687685298, 248.7629393619556, 8.602325267042627]], [[41.82104733265297, 25.337718918639855, 247.8850540068925, 16.431676725154983], [50.51732376126036, 30.757112998459398, 254.07676005490939, 23.108440016582687], [54.57105459856901, 35.4682957019364, 257.84879290002505, 23.600847442411894]], [[1.7320508075688772, 1.4142135623730951, 3.4641016151377544, 2.23606797749979], [2.449489742783178, 2.23606797749979, 3.605551275463989, 2.449489742783178], [3.0, 2.449489742783178, 3.7416573867739413, 3.1622776601683795]], [[2.23606797749979, 1.0, 2.23606797749979, 1.4142135623730951], [2.449489742783178, 2.23606797749979, 2.449489742783178, 2.449489742783178], [3.0, 2.23606797749979, 2.449489742783178, 2.8284271247461903]]]\n",
      "k najbliższych:  [[[0.2813105125588326, 0.3016477308048611, 0.12703279566174228, 0.29000896097456397], [0.26251540157899145, 0.3001167790154668, 0.1524123434077969, 0.2849554759977448], [0.2556390380490178, 0.29971834915472484, 0.1579003342789199, 0.2867422785173374]], [[0.27566483873591574, 0.3102659354943663, 0.09486173103619673, 0.3192074947335212], [0.27099862462685903, 0.3121082021816011, 0.10033977937702314, 0.3165533938145167], [0.2593917108636131, 0.30167342207108644, 0.12213538315285917, 0.31679948391244134]], [[0.305311472992377, 0.3201237016876316, 0.05444112363235979, 0.3201237016876316], [0.2963566204440393, 0.3191534112389584, 0.0653365570780438, 0.3191534112389584], [0.28182411666785834, 0.3150071764665712, 0.08279392332581297, 0.32037478353975746]], [[0.3196820078537269, 0.32477358873987805, 0.029990964234068076, 0.3255534391723271], [0.30944065148769523, 0.32203489635843563, 0.04295266077261872, 0.3255717913812504], [0.2943385932850547, 0.31983574133343246, 0.06187932389752412, 0.3239463414839887]], [[0.2912778896044566, 0.3078536029065689, 0.08405894627423897, 0.3168095612147355], [0.2863570319866097, 0.30473214662757875, 0.09706613711476557, 0.31184468427104595], [0.28436727514309196, 0.3015079884865939, 0.10196820597225802, 0.31215653039805613]], [[0.26806971732355783, 0.28004581400237166, 0.2028061013137824, 0.24907836736028796], [0.2573136810956346, 0.2639372027595239, 0.2214354350492068, 0.2573136810956346], [0.25238412151381323, 0.2672385786539009, 0.23237192788065467, 0.2480053719516311]], [[0.22509659765508053, 0.28492839360548333, 0.22509659765508053, 0.2648784110843556], [0.24814439166701807, 0.2555668249989457, 0.24814439166701807, 0.24814439166701807], [0.2382219160410796, 0.26244146849939054, 0.25567518630701797, 0.24366142915251188]]]\n",
      "zjednoczony:  [[0.26648831739561396, 0.30049428632501757, 0.14578182444948637, 0.2872355718298821], [0.2686850580754626, 0.308015853249018, 0.10577896452202634, 0.31752012415349307], [0.29449740336809155, 0.3180947631310537, 0.06752386801207218, 0.31988396548878245], [0.3078204175421589, 0.3222147421439154, 0.04494098296807031, 0.3250238573458554], [0.28733406557805274, 0.3046979126735805, 0.09436442978708752, 0.31360359196127924], [0.25925583997766855, 0.2704071984719321, 0.2188711547478813, 0.2514658068025179], [0.23715430178772604, 0.26764556236793985, 0.24297205854303883, 0.2522280773012952]]\n",
      "lista sił:  [[0.3333333333333333, 0.25, 0.0, 0.25], [0.3333333333333333, 0.25, 0.0, 0.25], [0.3333333333333333, 0.25, 0.0, 0.25], [0.3333333333333333, 0.25, 0.0, 0.25], [0.3333333333333333, 0.25, 0.0, 0.25], [0.3333333333333333, 0.25, 0.0, 0.25], [0.16666666666666666, 0.4166666666666667, 0.16666666666666666, 0.08333333333333333]]\n",
      "ostateczny wektor:  [0.6008860842769705, 0.5675001733186043, 0.040495343090506467, 0.47470223583722715]\n",
      "decyzja agentow:  bus\n",
      "decyzja poprawna:  opel\n",
      "Czy dobra decyzja?:  False\n",
      "\n",
